-1.000000000000000000e+00
-9.974974974974974984e-01
-9.949949949949949968e-01
-9.924924924924924952e-01
-9.899899899899899935e-01
-9.874874874874874919e-01
-9.849849849849849903e-01
-9.824824824824824887e-01
-9.799799799799799871e-01
-9.774774774774774855e-01
-9.749749749749749839e-01
-9.724724724724724823e-01
-9.699699699699699806e-01
-9.674674674674674790e-01
-9.649649649649649774e-01
-9.624624624624624758e-01
-9.599599599599599742e-01
-9.574574574574574726e-01
-9.549549549549549710e-01
-9.524524524524524693e-01
-9.499499499499499677e-01
-9.474474474474474661e-01
-9.449449449449449645e-01
-9.424424424424424629e-01
-9.399399399399399613e-01
-9.374374374374374597e-01
-9.349349349349349581e-01
-9.324324324324324564e-01
-9.299299299299299548e-01
-9.274274274274274532e-01
-9.249249249249249516e-01
-9.224224224224224500e-01
-9.199199199199199484e-01
-9.174174174174174468e-01
-9.149149149149149451e-01
-9.124124124124124435e-01
-9.099099099099099419e-01
-9.074074074074074403e-01
-9.049049049049049387e-01
-9.024024024024024371e-01
-8.998998998998999355e-01
-8.973973973973974338e-01
-8.948948948948949322e-01
-8.923923923923924306e-01
-8.898898898898899290e-01
-8.873873873873874274e-01
-8.848848848848849258e-01
-8.823823823823824242e-01
-8.798798798798799226e-01
-8.773773773773774209e-01
-8.748748748748749193e-01
-8.723723723723724177e-01
-8.698698698698699161e-01
-8.673673673673674145e-01
-8.648648648648649129e-01
-8.623623623623624113e-01
-8.598598598598599096e-01
-8.573573573573574080e-01
-8.548548548548549064e-01
-8.523523523523524048e-01
-8.498498498498499032e-01
-8.473473473473474016e-01
-8.448448448448449000e-01
-8.423423423423423984e-01
-8.398398398398398967e-01
-8.373373373373373951e-01
-8.348348348348348935e-01
-8.323323323323323919e-01
-8.298298298298298903e-01
-8.273273273273273887e-01
-8.248248248248248871e-01
-8.223223223223223854e-01
-8.198198198198198838e-01
-8.173173173173173822e-01
-8.148148148148148806e-01
-8.123123123123123790e-01
-8.098098098098098774e-01
-8.073073073073073758e-01
-8.048048048048048742e-01
-8.023023023023023725e-01
-7.997997997997998709e-01
-7.972972972972972583e-01
-7.947947947947947567e-01
-7.922922922922922551e-01
-7.897897897897897534e-01
-7.872872872872872518e-01
-7.847847847847847502e-01
-7.822822822822822486e-01
-7.797797797797797470e-01
-7.772772772772772454e-01
-7.747747747747747438e-01
-7.722722722722722422e-01
-7.697697697697697405e-01
-7.672672672672672389e-01
-7.647647647647647373e-01
-7.622622622622622357e-01
-7.597597597597597341e-01
-7.572572572572572325e-01
-7.547547547547547309e-01
-7.522522522522522292e-01
-7.497497497497497276e-01
-7.472472472472472260e-01
-7.447447447447447244e-01
-7.422422422422422228e-01
-7.397397397397397212e-01
-7.372372372372372196e-01
-7.347347347347347180e-01
-7.322322322322322163e-01
-7.297297297297297147e-01
-7.272272272272272131e-01
-7.247247247247247115e-01
-7.222222222222222099e-01
-7.197197197197197083e-01
-7.172172172172172067e-01
-7.147147147147147050e-01
-7.122122122122122034e-01
-7.097097097097097018e-01
-7.072072072072072002e-01
-7.047047047047046986e-01
-7.022022022022021970e-01
-6.996996996996996954e-01
-6.971971971971971938e-01
-6.946946946946946921e-01
-6.921921921921921905e-01
-6.896896896896896889e-01
-6.871871871871871873e-01
-6.846846846846846857e-01
-6.821821821821821841e-01
-6.796796796796796825e-01
-6.771771771771771808e-01
-6.746746746746746792e-01
-6.721721721721721776e-01
-6.696696696696696760e-01
-6.671671671671671744e-01
-6.646646646646646728e-01
-6.621621621621621712e-01
-6.596596596596596696e-01
-6.571571571571571679e-01
-6.546546546546546663e-01
-6.521521521521521647e-01
-6.496496496496496631e-01
-6.471471471471471615e-01
-6.446446446446446599e-01
-6.421421421421421583e-01
-6.396396396396396566e-01
-6.371371371371371550e-01
-6.346346346346346534e-01
-6.321321321321321518e-01
-6.296296296296296502e-01
-6.271271271271271486e-01
-6.246246246246246470e-01
-6.221221221221221453e-01
-6.196196196196196437e-01
-6.171171171171171421e-01
-6.146146146146146405e-01
-6.121121121121121389e-01
-6.096096096096096373e-01
-6.071071071071071357e-01
-6.046046046046046341e-01
-6.021021021021021324e-01
-5.995995995995996308e-01
-5.970970970970970182e-01
-5.945945945945945166e-01
-5.920920920920920150e-01
-5.895895895895895134e-01
-5.870870870870870117e-01
-5.845845845845845101e-01
-5.820820820820820085e-01
-5.795795795795795069e-01
-5.770770770770770053e-01
-5.745745745745745037e-01
-5.720720720720720021e-01
-5.695695695695695004e-01
-5.670670670670669988e-01
-5.645645645645644972e-01
-5.620620620620619956e-01
-5.595595595595594940e-01
-5.570570570570569924e-01
-5.545545545545544908e-01
-5.520520520520519892e-01
-5.495495495495494875e-01
-5.470470470470469859e-01
-5.445445445445444843e-01
-5.420420420420419827e-01
-5.395395395395394811e-01
-5.370370370370369795e-01
-5.345345345345344779e-01
-5.320320320320319762e-01
-5.295295295295294746e-01
-5.270270270270269730e-01
-5.245245245245244714e-01
-5.220220220220219698e-01
-5.195195195195194682e-01
-5.170170170170169666e-01
-5.145145145145144649e-01
-5.120120120120119633e-01
-5.095095095095094617e-01
-5.070070070070069601e-01
-5.045045045045044585e-01
-5.020020020020019569e-01
-4.994994994994994553e-01
-4.969969969969969537e-01
-4.944944944944944520e-01
-4.919919919919919504e-01
-4.894894894894894488e-01
-4.869869869869869472e-01
-4.844844844844844456e-01
-4.819819819819819440e-01
-4.794794794794794424e-01
-4.769769769769769407e-01
-4.744744744744744391e-01
-4.719719719719719375e-01
-4.694694694694694359e-01
-4.669669669669669343e-01
-4.644644644644644327e-01
-4.619619619619619311e-01
-4.594594594594594295e-01
-4.569569569569569278e-01
-4.544544544544544262e-01
-4.519519519519519246e-01
-4.494494494494494230e-01
-4.469469469469469214e-01
-4.444444444444444198e-01
-4.419419419419419182e-01
-4.394394394394394165e-01
-4.369369369369369149e-01
-4.344344344344344133e-01
-4.319319319319319117e-01
-4.294294294294294101e-01
-4.269269269269269085e-01
-4.244244244244244069e-01
-4.219219219219219053e-01
-4.194194194194194036e-01
-4.169169169169169020e-01
-4.144144144144144004e-01
-4.119119119119118988e-01
-4.094094094094093972e-01
-4.069069069069068956e-01
-4.044044044044043940e-01
-4.019019019019018923e-01
-3.993993993993993907e-01
-3.968968968968968891e-01
-3.943943943943943875e-01
-3.918918918918918859e-01
-3.893893893893893843e-01
-3.868868868868868827e-01
-3.843843843843843811e-01
-3.818818818818818794e-01
-3.793793793793793778e-01
-3.768768768768768762e-01
-3.743743743743743746e-01
-3.718718718718718730e-01
-3.693693693693693714e-01
-3.668668668668668698e-01
-3.643643643643643681e-01
-3.618618618618618665e-01
-3.593593593593593649e-01
-3.568568568568568633e-01
-3.543543543543543617e-01
-3.518518518518518601e-01
-3.493493493493493585e-01
-3.468468468468468568e-01
-3.443443443443443552e-01
-3.418418418418418536e-01
-3.393393393393393520e-01
-3.368368368368368504e-01
-3.343343343343343488e-01
-3.318318318318318472e-01
-3.293293293293293456e-01
-3.268268268268268439e-01
-3.243243243243243423e-01
-3.218218218218218407e-01
-3.193193193193193391e-01
-3.168168168168168375e-01
-3.143143143143143359e-01
-3.118118118118118343e-01
-3.093093093093093326e-01
-3.068068068068068310e-01
-3.043043043043043294e-01
-3.018018018018018278e-01
-2.992992992992993262e-01
-2.967967967967968246e-01
-2.942942942942943230e-01
-2.917917917917918214e-01
-2.892892892892893197e-01
-2.867867867867868181e-01
-2.842842842842843165e-01
-2.817817817817818149e-01
-2.792792792792793133e-01
-2.767767767767768117e-01
-2.742742742742743101e-01
-2.717717717717718084e-01
-2.692692692692693068e-01
-2.667667667667668052e-01
-2.642642642642643036e-01
-2.617617617617618020e-01
-2.592592592592593004e-01
-2.567567567567567988e-01
-2.542542542542542972e-01
-2.517517517517517955e-01
-2.492492492492492939e-01
-2.467467467467467923e-01
-2.442442442442442907e-01
-2.417417417417417891e-01
-2.392392392392392875e-01
-2.367367367367367859e-01
-2.342342342342342842e-01
-2.317317317317317826e-01
-2.292292292292292810e-01
-2.267267267267267794e-01
-2.242242242242242778e-01
-2.217217217217217762e-01
-2.192192192192192746e-01
-2.167167167167167730e-01
-2.142142142142142713e-01
-2.117117117117117697e-01
-2.092092092092092681e-01
-2.067067067067067665e-01
-2.042042042042042649e-01
-2.017017017017017633e-01
-1.991991991991992617e-01
-1.966966966966966490e-01
-1.941941941941941474e-01
-1.916916916916916458e-01
-1.891891891891891442e-01
-1.866866866866866426e-01
-1.841841841841841410e-01
-1.816816816816816393e-01
-1.791791791791791377e-01
-1.766766766766766361e-01
-1.741741741741741345e-01
-1.716716716716716329e-01
-1.691691691691691313e-01
-1.666666666666666297e-01
-1.641641641641641280e-01
-1.616616616616616264e-01
-1.591591591591591248e-01
-1.566566566566566232e-01
-1.541541541541541216e-01
-1.516516516516516200e-01
-1.491491491491491184e-01
-1.466466466466466168e-01
-1.441441441441441151e-01
-1.416416416416416135e-01
-1.391391391391391119e-01
-1.366366366366366103e-01
-1.341341341341341087e-01
-1.316316316316316071e-01
-1.291291291291291055e-01
-1.266266266266266038e-01
-1.241241241241241022e-01
-1.216216216216216006e-01
-1.191191191191190990e-01
-1.166166166166165974e-01
-1.141141141141140958e-01
-1.116116116116115942e-01
-1.091091091091090926e-01
-1.066066066066065909e-01
-1.041041041041040893e-01
-1.016016016016015877e-01
-9.909909909909908610e-02
-9.659659659659658448e-02
-9.409409409409408287e-02
-9.159159159159158126e-02
-8.908908908908907964e-02
-8.658658658658657803e-02
-8.408408408408407642e-02
-8.158158158158157480e-02
-7.907907907907907319e-02
-7.657657657657657158e-02
-7.407407407407406996e-02
-7.157157157157156835e-02
-6.906906906906906674e-02
-6.656656656656656512e-02
-6.406406406406406351e-02
-6.156156156156156189e-02
-5.905905905905906028e-02
-5.655655655655655867e-02
-5.405405405405405705e-02
-5.155155155155155544e-02
-4.904904904904905383e-02
-4.654654654654655221e-02
-4.404404404404405060e-02
-4.154154154154154899e-02
-3.903903903903904737e-02
-3.653653653653654576e-02
-3.403403403403404415e-02
-3.153153153153154253e-02
-2.902902902902904092e-02
-2.652652652652653931e-02
-2.402402402402403769e-02
-2.152152152152153608e-02
-1.901901901901903447e-02
-1.651651651651653285e-02
-1.401401401401403124e-02
-1.151151151151152963e-02
-9.009009009009028013e-03
-6.506506506506526399e-03
-4.004004004004024786e-03
-1.501501501501523173e-03
1.001001001001089463e-03
3.503503503503591077e-03
6.006006006006092690e-03
8.508508508508594304e-03
1.101101101101109592e-02
1.351351351351359753e-02
1.601601601601609914e-02
1.851851851851860076e-02
2.102102102102110237e-02
2.352352352352360398e-02
2.602602602602610560e-02
2.852852852852860721e-02
3.103103103103110882e-02
3.353353353353361044e-02
3.603603603603611205e-02
3.853853853853861366e-02
4.104104104104111528e-02
4.354354354354361689e-02
4.604604604604611851e-02
4.854854854854862012e-02
5.105105105105112173e-02
5.355355355355362335e-02
5.605605605605612496e-02
5.855855855855862657e-02
6.106106106106112819e-02
6.356356356356362980e-02
6.606606606606613141e-02
6.856856856856863303e-02
7.107107107107113464e-02
7.357357357357363625e-02
7.607607607607613787e-02
7.857857857857863948e-02
8.108108108108114109e-02
8.358358358358364271e-02
8.608608608608614432e-02
8.858858858858864593e-02
9.109109109109114755e-02
9.359359359359364916e-02
9.609609609609615077e-02
9.859859859859865239e-02
1.011011011011011540e-01
1.036036036036036556e-01
1.061061061061061572e-01
1.086086086086086588e-01
1.111111111111111605e-01
1.136136136136136621e-01
1.161161161161161637e-01
1.186186186186186653e-01
1.211211211211211669e-01
1.236236236236236685e-01
1.261261261261261701e-01
1.286286286286286717e-01
1.311311311311311734e-01
1.336336336336336750e-01
1.361361361361361766e-01
1.386386386386386782e-01
1.411411411411411798e-01
1.436436436436436814e-01
1.461461461461461830e-01
1.486486486486486847e-01
1.511511511511511863e-01
1.536536536536536879e-01
1.561561561561561895e-01
1.586586586586586911e-01
1.611611611611611927e-01
1.636636636636636943e-01
1.661661661661661959e-01
1.686686686686686976e-01
1.711711711711711992e-01
1.736736736736737008e-01
1.761761761761762024e-01
1.786786786786787040e-01
1.811811811811812056e-01
1.836836836836837072e-01
1.861861861861862089e-01
1.886886886886887105e-01
1.911911911911912121e-01
1.936936936936937137e-01
1.961961961961962153e-01
1.986986986986987169e-01
2.012012012012012185e-01
2.037037037037037202e-01
2.062062062062062218e-01
2.087087087087087234e-01
2.112112112112112250e-01
2.137137137137137266e-01
2.162162162162162282e-01
2.187187187187187298e-01
2.212212212212212314e-01
2.237237237237237331e-01
2.262262262262262347e-01
2.287287287287287363e-01
2.312312312312312379e-01
2.337337337337337395e-01
2.362362362362362411e-01
2.387387387387387427e-01
2.412412412412412444e-01
2.437437437437437460e-01
2.462462462462462476e-01
2.487487487487487492e-01
2.512512512512512508e-01
2.537537537537537524e-01
2.562562562562562540e-01
2.587587587587587556e-01
2.612612612612612573e-01
2.637637637637637589e-01
2.662662662662662605e-01
2.687687687687687621e-01
2.712712712712712637e-01
2.737737737737737653e-01
2.762762762762762669e-01
2.787787787787787686e-01
2.812812812812812702e-01
2.837837837837837718e-01
2.862862862862862734e-01
2.887887887887887750e-01
2.912912912912912766e-01
2.937937937937937782e-01
2.962962962962962798e-01
2.987987987987987815e-01
3.013013013013012831e-01
3.038038038038037847e-01
3.063063063063062863e-01
3.088088088088087879e-01
3.113113113113112895e-01
3.138138138138137911e-01
3.163163163163162928e-01
3.188188188188187944e-01
3.213213213213212960e-01
3.238238238238237976e-01
3.263263263263262992e-01
3.288288288288288008e-01
3.313313313313313024e-01
3.338338338338338041e-01
3.363363363363363057e-01
3.388388388388388073e-01
3.413413413413413089e-01
3.438438438438438105e-01
3.463463463463463121e-01
3.488488488488488137e-01
3.513513513513513153e-01
3.538538538538538170e-01
3.563563563563563186e-01
3.588588588588588202e-01
3.613613613613613218e-01
3.638638638638638234e-01
3.663663663663663250e-01
3.688688688688688266e-01
3.713713713713713283e-01
3.738738738738738299e-01
3.763763763763763315e-01
3.788788788788788331e-01
3.813813813813813347e-01
3.838838838838838363e-01
3.863863863863863379e-01
3.888888888888888395e-01
3.913913913913913412e-01
3.938938938938938428e-01
3.963963963963963444e-01
3.988988988988988460e-01
4.014014014014013476e-01
4.039039039039038492e-01
4.064064064064063508e-01
4.089089089089088525e-01
4.114114114114113541e-01
4.139139139139138557e-01
4.164164164164163573e-01
4.189189189189188589e-01
4.214214214214213605e-01
4.239239239239238621e-01
4.264264264264263637e-01
4.289289289289288654e-01
4.314314314314313670e-01
4.339339339339338686e-01
4.364364364364363702e-01
4.389389389389388718e-01
4.414414414414413734e-01
4.439439439439438750e-01
4.464464464464463767e-01
4.489489489489488783e-01
4.514514514514513799e-01
4.539539539539538815e-01
4.564564564564563831e-01
4.589589589589588847e-01
4.614614614614613863e-01
4.639639639639638879e-01
4.664664664664663896e-01
4.689689689689688912e-01
4.714714714714713928e-01
4.739739739739738944e-01
4.764764764764763960e-01
4.789789789789788976e-01
4.814814814814813992e-01
4.839839839839839009e-01
4.864864864864864025e-01
4.889889889889889041e-01
4.914914914914914057e-01
4.939939939939939073e-01
4.964964964964964089e-01
4.989989989989989105e-01
5.015015015015014122e-01
5.040040040040039138e-01
5.065065065065064154e-01
5.090090090090089170e-01
5.115115115115114186e-01
5.140140140140139202e-01
5.165165165165164218e-01
5.190190190190189234e-01
5.215215215215214251e-01
5.240240240240239267e-01
5.265265265265264283e-01
5.290290290290289299e-01
5.315315315315314315e-01
5.340340340340339331e-01
5.365365365365364347e-01
5.390390390390389364e-01
5.415415415415414380e-01
5.440440440440439396e-01
5.465465465465464412e-01
5.490490490490489428e-01
5.515515515515514444e-01
5.540540540540539460e-01
5.565565565565564476e-01
5.590590590590589493e-01
5.615615615615614509e-01
5.640640640640639525e-01
5.665665665665664541e-01
5.690690690690689557e-01
5.715715715715714573e-01
5.740740740740739589e-01
5.765765765765764606e-01
5.790790790790789622e-01
5.815815815815814638e-01
5.840840840840839654e-01
5.865865865865864670e-01
5.890890890890889686e-01
5.915915915915914702e-01
5.940940940940939718e-01
5.965965965965964735e-01
5.990990990990989751e-01
6.016016016016014767e-01
6.041041041041042003e-01
6.066066066066067020e-01
6.091091091091092036e-01
6.116116116116117052e-01
6.141141141141142068e-01
6.166166166166167084e-01
6.191191191191192100e-01
6.216216216216217116e-01
6.241241241241242133e-01
6.266266266266267149e-01
6.291291291291292165e-01
6.316316316316317181e-01
6.341341341341342197e-01
6.366366366366367213e-01
6.391391391391392229e-01
6.416416416416417245e-01
6.441441441441442262e-01
6.466466466466467278e-01
6.491491491491492294e-01
6.516516516516517310e-01
6.541541541541542326e-01
6.566566566566567342e-01
6.591591591591592358e-01
6.616616616616617375e-01
6.641641641641642391e-01
6.666666666666667407e-01
6.691691691691692423e-01
6.716716716716717439e-01
6.741741741741742455e-01
6.766766766766767471e-01
6.791791791791792487e-01
6.816816816816817504e-01
6.841841841841842520e-01
6.866866866866867536e-01
6.891891891891892552e-01
6.916916916916917568e-01
6.941941941941942584e-01
6.966966966966967600e-01
6.991991991991992617e-01
7.017017017017017633e-01
7.042042042042042649e-01
7.067067067067067665e-01
7.092092092092092681e-01
7.117117117117117697e-01
7.142142142142142713e-01
7.167167167167167730e-01
7.192192192192192746e-01
7.217217217217217762e-01
7.242242242242242778e-01
7.267267267267267794e-01
7.292292292292292810e-01
7.317317317317317826e-01
7.342342342342342842e-01
7.367367367367367859e-01
7.392392392392392875e-01
7.417417417417417891e-01
7.442442442442442907e-01
7.467467467467467923e-01
7.492492492492492939e-01
7.517517517517517955e-01
7.542542542542542972e-01
7.567567567567567988e-01
7.592592592592593004e-01
7.617617617617618020e-01
7.642642642642643036e-01
7.667667667667668052e-01
7.692692692692693068e-01
7.717717717717718084e-01
7.742742742742743101e-01
7.767767767767768117e-01
7.792792792792793133e-01
7.817817817817818149e-01
7.842842842842843165e-01
7.867867867867868181e-01
7.892892892892893197e-01
7.917917917917918214e-01
7.942942942942943230e-01
7.967967967967968246e-01
7.992992992992993262e-01
8.018018018018018278e-01
8.043043043043043294e-01
8.068068068068068310e-01
8.093093093093093326e-01
8.118118118118118343e-01
8.143143143143143359e-01
8.168168168168168375e-01
8.193193193193193391e-01
8.218218218218218407e-01
8.243243243243243423e-01
8.268268268268268439e-01
8.293293293293293456e-01
8.318318318318318472e-01
8.343343343343343488e-01
8.368368368368368504e-01
8.393393393393393520e-01
8.418418418418418536e-01
8.443443443443443552e-01
8.468468468468468568e-01
8.493493493493493585e-01
8.518518518518518601e-01
8.543543543543543617e-01
8.568568568568568633e-01
8.593593593593593649e-01
8.618618618618618665e-01
8.643643643643643681e-01
8.668668668668668698e-01
8.693693693693693714e-01
8.718718718718718730e-01
8.743743743743743746e-01
8.768768768768768762e-01
8.793793793793793778e-01
8.818818818818818794e-01
8.843843843843843811e-01
8.868868868868868827e-01
8.893893893893893843e-01
8.918918918918918859e-01
8.943943943943943875e-01
8.968968968968968891e-01
8.993993993993993907e-01
9.019019019019018923e-01
9.044044044044043940e-01
9.069069069069068956e-01
9.094094094094093972e-01
9.119119119119118988e-01
9.144144144144144004e-01
9.169169169169169020e-01
9.194194194194194036e-01
9.219219219219219053e-01
9.244244244244244069e-01
9.269269269269269085e-01
9.294294294294294101e-01
9.319319319319319117e-01
9.344344344344344133e-01
9.369369369369369149e-01
9.394394394394394165e-01
9.419419419419419182e-01
9.444444444444444198e-01
9.469469469469469214e-01
9.494494494494494230e-01
9.519519519519519246e-01
9.544544544544544262e-01
9.569569569569569278e-01
9.594594594594594295e-01
9.619619619619619311e-01
9.644644644644644327e-01
9.669669669669669343e-01
9.694694694694694359e-01
9.719719719719719375e-01
9.744744744744744391e-01
9.769769769769769407e-01
9.794794794794794424e-01
9.819819819819819440e-01
9.844844844844844456e-01
9.869869869869869472e-01
9.894894894894894488e-01
9.919919919919919504e-01
9.944944944944944520e-01
9.969969969969969537e-01
9.994994994994994553e-01
1.002002002002002179e+00
1.004504504504504681e+00
1.007007007007007182e+00
1.009509509509509684e+00
1.012012012012012185e+00
1.014514514514514687e+00
1.017017017017017189e+00
1.019519519519519690e+00
1.022022022022022192e+00
1.024524524524524693e+00
1.027027027027027195e+00
1.029529529529529697e+00
1.032032032032032198e+00
1.034534534534534700e+00
1.037037037037037202e+00
1.039539539539539703e+00
1.042042042042042205e+00
1.044544544544544706e+00
1.047047047047047208e+00
1.049549549549549710e+00
1.052052052052052211e+00
1.054554554554554713e+00
1.057057057057057214e+00
1.059559559559559716e+00
1.062062062062062218e+00
1.064564564564564719e+00
1.067067067067067221e+00
1.069569569569569722e+00
1.072072072072072224e+00
1.074574574574574726e+00
1.077077077077077227e+00
1.079579579579579729e+00
1.082082082082082231e+00
1.084584584584584732e+00
1.087087087087087234e+00
1.089589589589589735e+00
1.092092092092092237e+00
1.094594594594594739e+00
1.097097097097097240e+00
1.099599599599599742e+00
1.102102102102102243e+00
1.104604604604604745e+00
1.107107107107107247e+00
1.109609609609609748e+00
1.112112112112112250e+00
1.114614614614614752e+00
1.117117117117117253e+00
1.119619619619619755e+00
1.122122122122122256e+00
1.124624624624624758e+00
1.127127127127127260e+00
1.129629629629629761e+00
1.132132132132132263e+00
1.134634634634634764e+00
1.137137137137137266e+00
1.139639639639639768e+00
1.142142142142142269e+00
1.144644644644644771e+00
1.147147147147147273e+00
1.149649649649649774e+00
1.152152152152152276e+00
1.154654654654654777e+00
1.157157157157157279e+00
1.159659659659659781e+00
1.162162162162162282e+00
1.164664664664664784e+00
1.167167167167167285e+00
1.169669669669669787e+00
1.172172172172172289e+00
1.174674674674674790e+00
1.177177177177177292e+00
1.179679679679679793e+00
1.182182182182182295e+00
1.184684684684684797e+00
1.187187187187187298e+00
1.189689689689689800e+00
1.192192192192192302e+00
1.194694694694694803e+00
1.197197197197197305e+00
1.199699699699699806e+00
1.202202202202202308e+00
1.204704704704704810e+00
1.207207207207207311e+00
1.209709709709709813e+00
1.212212212212212314e+00
1.214714714714714816e+00
1.217217217217217318e+00
1.219719719719719819e+00
1.222222222222222321e+00
1.224724724724724823e+00
1.227227227227227324e+00
1.229729729729729826e+00
1.232232232232232327e+00
1.234734734734734829e+00
1.237237237237237331e+00
1.239739739739739832e+00
1.242242242242242334e+00
1.244744744744744835e+00
1.247247247247247337e+00
1.249749749749749839e+00
1.252252252252252340e+00
1.254754754754754842e+00
1.257257257257257343e+00
1.259759759759759845e+00
1.262262262262262347e+00
1.264764764764764848e+00
1.267267267267267350e+00
1.269769769769769852e+00
1.272272272272272353e+00
1.274774774774774855e+00
1.277277277277277356e+00
1.279779779779779858e+00
1.282282282282282360e+00
1.284784784784784861e+00
1.287287287287287363e+00
1.289789789789789864e+00
1.292292292292292366e+00
1.294794794794794868e+00
1.297297297297297369e+00
1.299799799799799871e+00
1.302302302302302373e+00
1.304804804804804874e+00
1.307307307307307376e+00
1.309809809809809877e+00
1.312312312312312379e+00
1.314814814814814881e+00
1.317317317317317382e+00
1.319819819819819884e+00
1.322322322322322385e+00
1.324824824824824887e+00
1.327327327327327389e+00
1.329829829829829890e+00
1.332332332332332392e+00
1.334834834834834894e+00
1.337337337337337395e+00
1.339839839839839897e+00
1.342342342342342398e+00
1.344844844844844900e+00
1.347347347347347402e+00
1.349849849849849903e+00
1.352352352352352405e+00
1.354854854854854906e+00
1.357357357357357408e+00
1.359859859859859910e+00
1.362362362362362411e+00
1.364864864864864913e+00
1.367367367367367414e+00
1.369869869869869916e+00
1.372372372372372418e+00
1.374874874874874919e+00
1.377377377377377421e+00
1.379879879879879923e+00
1.382382382382382424e+00
1.384884884884884926e+00
1.387387387387387427e+00
1.389889889889889929e+00
1.392392392392392431e+00
1.394894894894894932e+00
1.397397397397397434e+00
1.399899899899899935e+00
1.402402402402402437e+00
1.404904904904904939e+00
1.407407407407407440e+00
1.409909909909909942e+00
1.412412412412412444e+00
1.414914914914914945e+00
1.417417417417417447e+00
1.419919919919919948e+00
1.422422422422422450e+00
1.424924924924924952e+00
1.427427427427427453e+00
1.429929929929929955e+00
1.432432432432432456e+00
1.434934934934934958e+00
1.437437437437437460e+00
1.439939939939939961e+00
1.442442442442442463e+00
1.444944944944944965e+00
1.447447447447447466e+00
1.449949949949949968e+00
1.452452452452452469e+00
1.454954954954954971e+00
1.457457457457457473e+00
1.459959959959959974e+00
1.462462462462462476e+00
1.464964964964964977e+00
1.467467467467467479e+00
1.469969969969969981e+00
1.472472472472472482e+00
1.474974974974974984e+00
1.477477477477477485e+00
1.479979979979979987e+00
1.482482482482482489e+00
1.484984984984984990e+00
1.487487487487487492e+00
1.489989989989989994e+00
1.492492492492492495e+00
1.494994994994994997e+00
1.497497497497497498e+00
1.500000000000000000e+00
