7.176335555036645398e-20
9.346927626831019417e-20
1.216154600595692321e-19
1.580747850037754645e-19
2.052534479406877424e-19
2.662395169770612912e-19
3.449919115722717205e-19
4.465805452135796173e-19
5.774911428089671220e-19
7.460117207637037459e-19
9.627220628578158314e-19
1.241112950489687988e-18
1.598368672069933347e-18
2.056354764647366520e-18
2.642863426932849613e-18
3.393182073582664652e-18
4.352066674047189176e-18
5.576221569336490091e-18
7.137412286118981896e-18
9.126368570383727844e-18
1.165767278797214920e-17
1.487587562901574044e-17
1.896313871038693942e-17
2.414877463274049346e-17
3.072114228182191742e-17
3.904246226808592162e-17
4.956724874188451917e-17
6.286521469370225640e-17
7.964970464961198591e-17
1.008129491329829019e-16
1.274697287128580897e-16
1.610113931372329133e-16
2.031726164826077946e-16
2.561137986935485622e-16
3.225226668478542370e-16
4.057394093471682181e-16
5.099106209874697761e-16
6.401784799684438470e-16
8.029129592946767278e-16
1.005996542321268780e-15
1.259172922093539590e-15
1.574473584024453257e-15
1.966739081375596569e-15
2.454255307847461501e-15
3.059529263705483962e-15
3.810233834133754690e-15
4.740357107814527232e-15
5.891598945089149091e-15
7.315066076339821752e-15
9.073327228643853406e-15
1.124290194316480836e-14
1.391727120997569482e-14
1.721051522422381247e-14
2.126170394088654558e-14
2.624019023900833328e-14
3.235198405812906967e-14
3.984741960561472639e-14
4.903036754447950607e-14
6.026929099116617133e-14
7.401049938057677725e-14
9.079401917943980411e-14
1.112725766534633742e-13
1.362342772707921918e-13
1.666296709890002576e-13
2.036040150821573275e-13
2.485356891422061066e-13
3.030818836749005973e-13
3.692328780174448900e-13
4.493764493797876812e-13
5.463742175055895018e-13
6.636520342958644704e-13
8.053068810391924814e-13
9.762331448124343014e-13
1.182271618289268371e-12
1.430385112840161601e-12
1.728865203862382282e-12
2.087575351530838702e-12
2.518236472912431975e-12
3.034761997618201916e-12
3.653650535724330995e-12
4.394445542488625269e-12
5.280272800618456527e-12
6.338468181228829459e-12
7.601310015662828124e-12
9.106872541574683013e-12
1.090001931100315877e-11
1.303355820214539129e-11
1.556958280075012921e-11
1.858102845641581595e-11
2.215347532327442486e-11
2.638723521840484195e-11
3.139976423523582845e-11
3.732844879961248351e-11
4.433381932600781358e-11
5.260325290045827593e-11
6.235523457255801225e-11
7.384425597661078472e-11
8.736644022572285932e-11
1.032659934451676576e-10
1.219425960553727566e-10
1.438598611131176712e-10
1.695550028155243751e-10
1.996498758198924686e-10
2.348635655000828058e-10
2.760267308258086704e-10
3.240979254068241321e-10
3.801821485945707019e-10
4.455519075984001598e-10
5.216711035849090176e-10
6.102220899350688989e-10
7.131362894965802537e-10
8.326288000661561251e-10
9.712374637602246207e-10
1.131866926690894270e-09
1.317838270779770567e-09
1.532944859952909043e-09
1.781515108719238619e-09
2.068482952608411890e-09
2.399466877513911508e-09
2.780858449047366873e-09
3.219921373967122943e-09
3.724902224016766094e-09
4.305154058526611478e-09
4.971274296330804713e-09
5.735258310382136787e-09
6.610670350357624497e-09
7.612833539998963662e-09
8.759040847384099051e-09
1.006878908824012176e-08
1.156403819524801691e-08
1.326949817051016866e-08
1.521294633441140473e-08
1.742557769244386331e-08
1.994239146262578779e-08
2.280261704034783486e-08
2.605018292523528738e-08
2.973423239631840577e-08
3.390968999782579647e-08
3.863788318861413758e-08
4.398722381394828737e-08
5.003395437935463260e-08
5.686296444286721210e-08
6.456868279441139455e-08
7.325605145955397082e-08
8.304158794956405620e-08
9.405454258084413210e-08
1.064381581044127131e-07
1.203510393203534187e-07
1.359686408030236655e-07
1.534848813303761941e-07
1.731138940949725999e-07
1.950919222751060765e-07
2.196793700618286771e-07
2.471630197714977160e-07
2.778584262235586060e-07
3.121125001295225837e-07
3.503062928212625132e-07
3.928579952446538381e-07
4.402261647579336840e-07
4.929131939027069141e-07
5.514690359590302319e-07
6.164952027540260899e-07
6.886490508658041608e-07
7.686483730506863108e-07
8.572763124213090792e-07
9.553866176159768027e-07
1.063909257924866494e-06
1.183856418076009233e-06
1.316328893132905494e-06
1.462522904715181094e-06
1.623737360523715613e-06
1.801381579930876727e-06
1.996983509184240574e-06
2.212198450567644912e-06
2.448818330664910657e-06
2.708781533678638181e-06
2.994183326566810661e-06
3.307286903572643089e-06
3.650535078535637388e-06
4.026562654182683795e-06
4.438209498404191908e-06
4.888534358319684832e-06
5.380829443725950837e-06
5.918635812296786223e-06
6.505759589660631788e-06
7.146289058219070242e-06
7.844612649278579679e-06
8.605437873745151264e-06
9.433811227272486646e-06
1.033513910634879179e-05
1.131520977235367858e-05
1.238021640110124855e-05
1.353678125580542416e-05
1.479198102174590534e-05
1.615337334117107436e-05
1.762902458713490995e-05
1.922753891502057777e-05
2.095808863043730763e-05
2.283044591198466413e-05
2.485501592703586921e-05
2.704287137819746205e-05
2.940578851743193547e-05
3.195628466397414558e-05
3.470765726111406277e-05
3.767402450564196701e-05
4.087036758224063315e-05
4.431257453334759919e-05
4.801748579298087931e-05
5.200294141070577311e-05
5.628782998930640090e-05
6.089213935678878267e-05
6.583700899007112516e-05
7.114478420409884294e-05
7.683907211612665616e-05
8.294479939053985777e-05
8.948827176481365022e-05
9.649723535202859106e-05
1.040009397097466424e-04
1.120302026590141189e-04
1.206174768307606272e-04
1.297969179099181069e-04
1.396044545401729298e-04
1.500778598443840411e-04
1.612568245073497399e-04
1.731830313587778369e-04
1.859002313850170686e-04
1.994543210883415211e-04
2.138934211023387833e-04
2.292679559612723127e-04
2.456307349101493286e-04
2.630370336306554801e-04
2.815446767461428487e-04
3.012141209564763410e-04
3.221085386407907024e-04
3.442939017531184841e-04
3.678390658224361108e-04
3.928158538549635938e-04
4.192991399226174767e-04
4.473669322073460779e-04
4.771004552567469558e-04
5.085842311919196342e-04
5.419061595939654152e-04
5.771575957810074452e-04
6.144334271730722552e-04
6.538321474277524305e-04
6.954559280152807117e-04
7.394106868875841617e-04
7.858061538821003176e-04
8.347559324876943328e-04
8.863775575870091582e-04
9.407925487770380001e-04
9.981264588577846725e-04
1.058508917067534647e-03
1.122073666632723756e-03
1.188958596190548044e-03
1.259305764633675013e-03
1.333261418918398533e-03
1.410976004370790389e-03
1.492604167019650737e-03
1.578304747480571788e-03
1.668240765912227174e-03
1.762579397564202925e-03
1.861491938435346416e-03
1.965153760562823523e-03
2.073744256464927615e-03
2.187446772265220097e-03
2.306448529031943258e-03
2.430940531874774182e-03
2.561117466351182839e-03
2.697177581746624652e-03
2.839322560807056202e-03
2.987757375518374382e-03
3.142690128545845910e-03
3.304331879967118898e-03
3.472896458955218504e-03
3.648600260092988486e-03
3.831662024027806656e-03
4.022302602205044680e-03
4.220744705450692018e-03
4.427212636207889136e-03
4.641932004268652795e-03
4.865129425880978208e-03
5.097032206152599804e-03
5.337868004716104196e-03
5.587864484665531345e-03
5.847248944822333420e-03
6.116247935438169636e-03
6.395086857493682310e-03
6.683989545805978094e-03
6.983177836212762363e-03
7.292871117158005768e-03
7.613285866062569768e-03
7.944635170922963521e-03
8.287128237642542306e-03
8.640969883661614448e-03
9.006360018515900331e-03
9.383493112016591878e-03
9.772557650809513344e-03
1.017373558413542899e-02
1.058720175967815293e-02
1.101312335045175235e-02
1.145165927374203543e-02
1.190295960318132548e-02
1.236716497509768309e-02
1.284440599034182215e-02
1.333480261285445966e-02
1.383846356629560466e-02
1.435548573011366340e-02
1.488595353648630194e-02
1.542993836961703037e-02
1.598749796892004471e-02
1.655867583767197879e-02
1.714350065875158355e-02
1.774198571912724565e-02
1.835412834478723776e-02
1.897990934783841399e-02
1.961929248752537422e-02
2.027222394694392499e-02
2.093863182723932834e-02
2.161842566109153235e-02
2.231149594729589514e-02
2.301771370824848284e-02
2.373693007213999867e-02
2.446897588165168613e-02
2.521366133092892842e-02
2.597077563258552366e-02
2.674008671646179933e-02
2.752134096182368844e-02
2.831426296464734788e-02
2.911855534158511519e-02
2.993389857215269373e-02
3.075995088061553306e-02
3.159634815898377386e-02
3.244270393244986367e-02
3.329860936852175463e-02
3.416363333101664346e-02
3.503732247998661564e-02
3.591920141854785392e-02
3.680877288747932269e-02
3.770551800834635869e-02
3.860889657578793488e-02
3.951834739948541925e-02
4.043328869620484850e-02
4.135311853217437522e-02
4.227721531592486259e-02
4.320493834158332935e-02
4.413562838246871262e-02
4.506860833469555905e-02
4.600318391034519810e-02
4.693864437961714486e-02
4.787426336122338477e-02
4.880929966013941579e-02
4.974299815167546740e-02
5.067459071068144277e-02
5.160329718455036740e-02
5.252832640853735691e-02
5.344887726176520554e-02
5.436413976214472116e-02
5.527329619829703111e-02
5.617552229642889389e-02
5.706998841997912991e-02
5.795586079972606802e-02
5.883230279192365464e-02
5.969847616191620993e-02
6.055354239057116061e-02
6.139666400076537051e-02
6.222700590106284430e-02
6.304373674363326907e-02
6.384603029337895808e-02
6.463306680516542335e-02
6.540403440598673013e-02
6.615813047884243348e-02
6.689456304505733697e-02
6.761255214174045902e-02
6.831133119105402274e-02
6.899014835794820000e-02
6.964826789301338528e-02
7.028497145710643768e-02
7.089955942442570380e-02
7.149135216073507215e-02
7.205969127347701397e-02
7.260394083056175007e-02
7.312348854468017634e-02
7.361774692005701448e-02
7.408615435864113197e-02
7.452817622281997234e-02
7.494330585184508231e-02
7.533106552926509270e-02
7.569100739878169282e-02
7.602271432607100865e-02
7.632580070425011576e-02
7.659991320081127597e-02
7.684473144399944777e-02
7.705996864676613323e-02
7.724537216659933814e-02
7.740072399969932793e-02
7.752584120814760837e-02
7.762057627889716593e-02
7.768481741359800630e-02
7.771848874846103150e-02
7.772155050355471217e-02
7.769399906112363363e-02
7.763586697271276926e-02
7.754722289507814947e-02
7.742817145506029897e-02
7.727885304379293607e-02
7.709944354081357809e-02
7.689015396883457087e-02
7.665123008012389438e-02
7.638295187562965660e-02
7.608563305816633260e-02
7.575962042115691464e-02
7.540529317459830627e-02
7.502306221008388232e-02
7.461336930687696711e-02
7.417668628118208318e-02
7.371351408090717761e-02
7.322438182834686837e-02
7.270984581334717645e-02
7.217048843963171090e-02
7.160691712708180945e-02
7.101976317286405604e-02
7.040968057439153660e-02
6.977734481718671222e-02
6.912345163078562060e-02
6.844871571588510839e-02
6.775386944598459082e-02
6.703966154681481604e-02
6.630685575687522704e-02
6.555622947242015219e-02
6.478857238024234022e-02
6.400468508159991299e-02
6.320537771061948695e-02
6.239146855048549600e-02
6.156378265069211569e-02
6.072315044859088323e-02
5.987040639841482992e-02
5.900638761089734702e-02
5.813193250653338889e-02
5.724787948545099342e-02
5.635506561677327414e-02
5.545432535025603821e-02
5.454648925288248934e-02
5.363238277298830459e-02
5.271282503437310640e-02
5.178862766273355928e-02
5.086059364662600529e-02
4.992951623503451980e-02
4.899617787348493209e-02
4.806134918050474630e-02
4.712578796608703213e-02
4.619023829367031181e-02
4.525542958699942109e-02
4.432207578308349633e-02
4.339087453231749852e-02
4.246250644668349977e-02
4.153763439679836883e-02
4.061690285842500109e-02
3.970093730891650907e-02
3.879034367391630961e-02
3.788570782449317970e-02
3.698759512474875805e-02
3.609655002979653138e-02
3.521309573387668146e-02
3.433773386823983642e-02
3.347094424830639181e-02
3.261318466948547740e-02
3.176489075092062825e-02
3.092647582631716241e-02
3.009833088089941197e-02
2.928082453344527797e-02
2.847430306225044033e-02
2.767909047378545873e-02
2.689548861272660768e-02
2.612377731196449671e-02
2.536421458112482832e-02
2.461703683207222548e-02
2.388245913981090068e-02
2.316067553714593746e-02
2.245185934142485129e-02
2.175616351164198423e-02
2.107372103415734721e-02
2.040464533525703644e-02
1.974903071876412883e-02
1.910695282689680100e-02
1.847846912256418533e-02
1.786361939129027174e-02
1.726242626096126387e-02
1.667489573760262689e-02
1.610101775540775590e-02
1.554076673926130248e-02
1.499410217802557566e-02
1.446096920688868040e-02
1.394129919710728090e-02
1.343501035151518398e-02
1.294200830421108304e-02
1.246218672288383102e-02
1.199542791228253372e-02
1.154160341738995690e-02
1.110057462491165388e-02
1.067219336174963368e-02
1.025630248918746150e-02
9.852736491573843222e-03
9.461322058353019773e-03
9.081878658353121844e-03
8.714219105306914709e-03
8.358150113643953577e-03
8.013472843657406738e-03
7.679983435213877559e-03
7.357473529239262448e-03
7.045730776278049702e-03
6.744539331487582959e-03
6.453680335492026354e-03
6.172932380583173381e-03
5.902071961816619458e-03
5.640873912611926375e-03
5.389111824524079469e-03
5.146558450910847585e-03
4.912986094276069853e-03
4.688166977122733975e-03
4.471873596201560684e-03
4.263879060090683230e-03
4.063957410089850085e-03
3.871883924458265156e-03
3.687435406068645481e-03
3.510390453591377951e-03
3.340529716361533962e-03
3.177636133118221483e-03
3.021495154840059955e-03
2.871894951932524830e-03
2.728626606052561489e-03
2.591484286883264342e-03
2.460265414196355707e-03
2.334770805562994683e-03
2.214804810093982251e-03
2.100175428608662149e-03
1.990694420648062273e-03
1.886177398761808678e-03
1.786443910510396218e-03
1.691317508634448919e-03
1.600625809850695670e-03
1.514200542740726761e-03
1.431877585203108648e-03
1.353496991942290282e-03
1.278903012468972757e-03
1.207944100086360715e-03
1.140472912334968220e-03
1.076346303365628351e-03
1.015425308705963708e-03
9.575751228801098478e-04
9.026650703348337466e-04
8.505685701175510474e-04
8.011630947432031103e-04
7.543301236775245980e-04
7.099550918540436465e-04
6.679273336313251664e-04
6.281400225854133707e-04
5.904901075204904964e-04
5.548782450682293501e-04
5.212087292334717861e-04
4.893894182306408880e-04
4.593316589418589197e-04
4.309502093140556568e-04
4.041631589985659133e-04
3.788918485228243388e-04
3.550607872698500382e-04
3.325975705273114436e-04
3.114327958541330253e-04
2.914999789988774849e-04
2.727354695905611758e-04
2.550783668091706024e-04
2.384704352299749834e-04
2.228560210228132193e-04
2.081819686748950890e-04
1.943975383933119910e-04
1.814543243314578505e-04
1.693061737718872146e-04
1.579091073868494895e-04
1.472212406868111446e-04
1.372027067567582661e-04
1.278155803699405370e-04
1.190238035590011065e-04
1.107931127151326050e-04
1.030909672770159886e-04
9.588648006283148389e-05
8.915034929058729700e-05
8.285479232438299998e-05
7.697348117701707771e-05
7.148147979254429268e-05
6.635518312599907628e-05
6.157225803150390489e-05
5.711158596437886851e-05
5.295320749764984643e-05
4.907826864850243077e-05
4.546896900574640338e-05
4.210851164522192846e-05
3.898105481628625371e-05
3.607166537905653398e-05
3.336627396893625410e-05
3.085163186211097329e-05
2.851526951314318437e-05
2.634545673352469124e-05
2.433116447803276765e-05
2.246202820397967510e-05
2.072831276692521172e-05
1.912087881512952413e-05
1.763115064394242713e-05
1.625108547044655085e-05
1.497314408797897717e-05
1.379026285964162743e-05
1.269582700955646305e-05
1.168364517042406831e-05
1.074792514588373498e-05
9.883250846245874698e-06
9.084560356357711326e-06
8.347125094664104177e-06
7.666530022925382702e-06
7.038654866544491005e-06
6.459656306027167591e-06
5.925951100743966569e-06
5.434200106872024399e-06
4.981293152160426132e-06
4.564334730979745283e-06
4.180630483974571525e-06
3.827674427533657320e-06
3.503136899217700267e-06
3.204853186235114559e-06
2.930812805025895631e-06
2.679149400997813229e-06
2.448131238453103688e-06
2.236152251743664840e-06
2.041723629694142577e-06
1.863465906332145992e-06
1.700101531959611228e-06
1.550447899586158465e-06
1.413410802721601026e-06
1.287978301488116871e-06
1.173214974960815676e-06
1.068256538576644678e-06
9.723048063643500125e-07
8.846229786406074108e-07
8.045312366888256177e-07
7.314026267860392641e-07
6.646592167688177517e-07
6.037685091312021780e-07
5.482400954247023908e-07
4.976225374829537514e-07
4.515004617208635428e-07
4.094918534600390465e-07
3.712455389088641350e-07
3.364388430768812619e-07
3.047754125292443835e-07
2.759831924881672150e-07
2.498125483648001661e-07
2.260345223571941763e-07
2.044392162783532752e-07
1.848342922833226209e-07
1.670435836463070693e-07
1.509058081985163919e-07
1.362733774753752285e-07
1.230112950385246204e-07
1.109961378342781042e-07
1.001151148265770322e-07
9.026519749961328616e-08
8.135231716386192298e-08
7.329062431993713260e-08
6.600180563813429869e-08
5.941445439841147352e-08
5.346349050656617911e-08
4.808962645813518239e-08
4.323887586273815318e-08
3.886210136883828991e-08
3.491459904283762576e-08
3.135571645767589804e-08
2.814850193525681123e-08
2.525938256467860791e-08
2.265786878495641825e-08
2.031628347725405925e-08
1.820951365811830482e-08
1.631478300235689679e-08
1.461144355250843601e-08
1.308078509181304519e-08
1.170586076965416557e-08
1.047132767306067645e-08
9.363301135450281876e-09
8.369221664772311555e-09
7.477733457956825104e-09
6.678573547469327274e-09
5.962470699162139042e-09
5.321053248837161640e-09
4.746765128316676035e-09
4.232789390657502493e-09
3.772978598734111640e-09
3.361791492024726018e-09
2.994235393327622008e-09
2.665813860551684542e-09
2.372479128899845765e-09
2.110588925914864153e-09
1.876867276188016558e-09
1.668368944238064348e-09
1.482447193331487989e-09
1.316724565007351718e-09
1.169066408951550962e-09
1.037556915786979109e-09
9.204774264493097852e-10
8.162868112351600879e-10
7.236037294642839553e-10
6.411905971057055011e-10
5.679391047876982531e-10
5.028571424439387621e-10
4.450569995371476624e-10
3.937447214347429239e-10
3.482105131699057518e-10
3.078200915820248138e-10
2.720068957631086471e-10
2.402650739069758638e-10
2.121431721265995010e-10
1.872384576281750182e-10
1.651918148605620037e-10
1.456831589439690108e-10
1.284273158668434290e-10
1.131703236662082096e-10
9.968611311230735113e-11
8.777353033864999804e-11
7.725366742585136723e-11
6.796747019203395898e-11
5.977359539157417536e-11
5.254649220304703596e-11
4.617468531972489147e-11
4.055923916338764222e-11
3.561238474425023089e-11
3.125629250460444204e-11
2.742197612795280864e-11
2.404831378418547265e-11
2.108117462870166411e-11
1.847263959207029819e-11
1.618030659855962188e-11
1.416667134732769835e-11
1.239857568903918380e-11
1.084671644206428893e-11
9.485208224378700033e-12
8.291194537241122891e-12
7.244501931446317044e-12
6.327332622606139066e-12
5.523991404109791310e-12
4.820643140267281989e-12
4.205097512288226519e-12
3.666618040415093591e-12
3.195752720544047457e-12
2.784183896509051626e-12
2.424595243028984737e-12
2.110553961983233850e-12
1.836406498779870879e-12
1.597186268458136763e-12
1.388532044945083639e-12
1.206615813486535633e-12
1.048079017428561960e-12
9.099762478055623163e-13
7.897255290097993683e-13
6.850644474513029057e-13
5.940114537180199792e-13
5.148317433511548903e-13
4.460071878948689603e-13
3.862098472036264675e-13
3.342786468519119894e-13
2.891988515699920966e-13
2.500840075378722722e-13
2.161600636566538304e-13
1.867514150755535037e-13
1.612686417262064313e-13
1.391977408003714390e-13
1.200906753582726605e-13
1.035570818911324344e-13
8.925699796794208181e-14
7.689448732839038232e-14
6.621205416912276498e-14
5.698575111309192622e-14
4.902089663370893376e-14
4.214832768944761309e-14
3.622112215554542472e-14
3.111173344682205309e-14
2.670948662478973453e-14
2.291839137580776063e-14
1.965523262656704460e-14
1.684790431005042626e-14
1.443395598171325353e-14
1.235932567632518811e-14
1.057723564790150522e-14
9.047230499211069673e-15
7.734339728557519140e-15
6.608348939878516585e-15
5.643165913148214201e-15
4.816269447026583434e-15
4.108230392501190814e-15
3.502295619556401162e-15
2.984026820478652670e-15
2.540987072548933074e-15
2.162468976624171518e-15
1.839258971527930903e-15
1.563433110551948500e-15
1.328180187449451947e-15
1.127648625430658439e-15
9.568140029777863575e-16
8.113644928260243930e-16
6.876018422916592065e-16
5.823558305087549577e-16
4.929104065487786839e-16
4.169399466720241035e-16
3.524542733389805989e-16
2.977512568230774977e-16
2.513759755884456048e-16
2.120855469018141454e-16
1.788188569588271932e-16
1.506705223333559889e-16
1.268685037424968006e-16
1.067548706582235005e-16
8.976928267613219957e-17
7.543481207408763344e-17
6.334578279735197629e-17
5.315734518755325895e-17
4.457654400069661361e-17
3.735467039428253164e-17
3.128071726906770017e-17
2.617578220607293723e-17
2.188828374916847659e-17
1.828987538824024097e-17
1.527195768117978417e-17
1.274270284888495843e-17
1.062451817692825647e-17
8.851884913587522654e-18
7.369518286580513924e-18
6.130801961331366876e-18
5.096456898063420018e-18
4.233410277689530983e-18
3.513835082527069934e-18
2.914335145859962895e-18
2.415254118403712303e-18
2.000089921334124662e-18
1.654998935309662690e-18
1.368376473946712940e-18
1.130502061340641911e-18
9.332397221422748269e-19
7.697849388645818152e-19
6.344511685851596943e-19
5.224898694302146894e-19
4.299388915362476184e-19
3.534948594438093533e-19
2.904058319110148782e-19
2.383810871507329191e-19
1.955153604374757531e-19
1.602252688858084931e-19
1.311960052712079067e-19
1.073366778902626842e-19
8.774292422827000272e-20
7.166563912537772146e-20
5.848483878301355345e-20
4.768783510496055515e-20
3.885102460728540863e-20
3.162470595198678036e-20
2.572043304558270295e-20
2.090048914465711529e-20
1.696913370028583066e-20
1.376532960620553459e-20
1.115670567112659904e-20
9.034548858249738561e-21
7.309654268540781327e-21
5.908888960727716439e-21
4.772349325846401740e-21
3.851011568012862905e-21
3.104791479916710892e-21
2.500943644513697694e-21
2.012741869493171831e-21
1.618392428565593515e-21
1.300139847880416554e-21
1.043531793982914745e-21
8.368153084782438935e-22
6.704413767445333346e-22
5.366587675212737978e-22
4.291813664721927431e-22
3.429159587226421950e-22
2.737396843044761119e-22
2.183182730995545065e-22
1.739577265470503946e-22
1.384834059115213303e-22
1.101415563498053623e-22
8.751918002299330676e-23
6.947890152531032768e-23
5.510607118336271200e-23
4.366584818770439272e-23
3.456841426593114050e-23
2.734080484280100250e-23
2.160412094923327014e-23
1.705511199221807270e-23
1.345130555223939031e-23
1.059901281822557159e-23
8.343663049263327891e-24
6.562022485107117909e-24
5.155936476323139189e-24
4.047301622273919163e-24
3.174030154875120450e-24
2.486813964280451411e-24
1.946532401934415302e-24
1.522177855736265369e-24
1.189197334835629004e-24
9.281679640319032029e-25
7.237402187929513183e-25
5.637956263014566106e-25
4.387760836701540323e-25
3.411503653972062769e-25
2.649901866787719126e-25
2.056336657378873817e-25
1.594184379089712659e-25
1.234702209771417941e-25
9.553548103717511974e-26
7.384913546486813341e-26
5.703006354870560360e-26
4.399866421945426268e-26
3.391187556189975343e-26
2.611201009949157606e-26
2.008650977746506357e-26
1.543632267398430288e-26
1.185107997243873871e-26
9.089630948112922315e-27
6.964795197505133276e-27
5.331430750523496272e-27
4.077106627183181579e-27
3.114818899941923143e-27
2.377308454909898976e-27
1.812632845938994395e-27
1.380719042206248812e-27
1.050682578205921149e-27
7.987448870204686816e-28
6.066170283277852537e-28
4.602466738733977290e-28
3.488477218500439066e-28
2.641495755031105989e-28
1.998169680839620969e-28
1.510020590573506903e-28
1.139990077119685895e-28
8.597785714371349230e-29
6.477973380829603810e-29
4.875940035788484815e-29
3.666433999260195609e-29
2.754199371530046755e-29
2.066867045107701731e-29
1.549512375805502460e-29
1.160493161340543395e-29
8.682700883207330152e-30
6.489802908978757354e-30
4.845875914485429776e-30
3.614738538475815319e-30
2.693673897848016836e-30
2.005286311864956103e-30
1.491319589030837578e-30
1.107969335570695461e-30
8.223319654096940193e-31
6.097176244231695478e-31
4.516190021399474808e-31
3.341775623276401472e-31
2.470266068955692965e-31
1.824195139920233606e-31
1.345735543221870084e-31
9.917649948309782078e-32
7.301602926903794008e-32
5.370167047426095529e-32
3.945638512256855106e-32
2.896052819951245029e-32
2.123513975086694090e-32
1.555474897374403705e-32
1.138229689824319556e-32
8.320618628380678998e-33
6.076309909410120161e-33
4.432845536433394002e-33
3.230602005226819578e-33
2.352026945486816051e-33
1.710641100678260046e-33
1.242891134595150437e-33
9.021207299842585588e-34
6.541139762852740147e-34
4.738045208237491365e-34
3.428481354952795044e-34
2.478340770054586796e-34
1.789685453945129834e-34
1.291066687790861257e-34
9.304150964333286046e-35
6.698240774637878549e-35
4.817264852656127150e-35
3.460954506138500089e-35
2.483971954933827052e-35
1.780954214832246428e-35
1.275598294349448864e-35
9.127042142361691239e-36
6.523805083129866284e-36
4.658290187440406538e-36
3.322818288290398993e-36
2.367778026061074733e-36
1.685503168942033557e-36
1.198594304582290787e-36
8.514688250879738333e-37
6.042533381883461891e-37
